1744542660475 0.32280677556991577 0
1744542660478 0.33470216393470764 1
1744542660479 0.3409409821033478 2
1744542660480 0.3429807424545288 3
1744542660480 0.34686362743377686 4
1744542660481 0.34845224022865295 5
1744542660481 0.35138657689094543 6
1744542660482 0.3525780439376831 7
1744542660483 0.35448285937309265 8
1744542660483 0.3552771508693695 9
1744542660484 0.35708171129226685 10
1744542660484 0.35872817039489746 11
1744542660485 0.36088746786117554 12
1744542660485 0.36040547490119934 13
1744542660486 0.36374467611312866 14
1744542660487 0.36461225152015686 15
1744542660487 0.3652484714984894 16
1744542660488 0.3671956956386566 17
1744542660488 0.3685298264026642 18
1744542660489 0.36953622102737427 19
