1744542660490 1.3687827587127686 0
1744542660490 1.3436332941055298 1
1744542660491 1.338700294494629 2
1744542660491 1.335598111152649 3
1744542660492 1.3326911926269531 4
1744542660493 1.3305026292800903 5
1744542660493 1.3285305500030518 6
1744542660494 1.3261207342147827 7
1744542660494 1.324148416519165 8
1744542660495 1.3225663900375366 9
1744542660496 1.3207817077636719 10
1744542660496 1.3191332817077637 11
1744542660497 1.3175380229949951 12
1744542660497 1.3160512447357178 13
1744542660498 1.3140958547592163 14
1744542660499 1.3127567768096924 15
1744542660499 1.3110592365264893 16
1744542660500 1.3091424703598022 17
1744542660500 1.3078458309173584 18
1744542660501 1.3063709735870361 19
